minjerk:
  qf: [-0.785398163,-0.785398163,0,-2.35619449,0,1.57079632679,0.785398163397]
  duration: 10

flag:
  type: 1
